%YAML:1.0
---
calibration_time: "Fri Mar  5 11:37:26 2021"
nframes: 20
image_width: 1278
image_height: 958
board_width: 6
board_height: 9
square_size: 1.9500000000000000e+01
flags: 0
camera_matrix: !!opencv-matrix
   rows: 3
   cols: 3
   dt: d
   data: [ 2.2383908622784561e+03, 0., 6.1083824626670980e+02, 0.,
       2.2482226398919561e+03, 4.5630933867301025e+02, 0., 0., 1. ]
distortion_coefficients: !!opencv-matrix
   rows: 5
   cols: 1
   dt: d
   data: [ -7.6559514288741026e-02, 7.8759969347156310e-03,
       -9.5491193833378190e-04, -5.0450659151570301e-04, 0. ]
avg_reprojection_error: 2.6947307804216691e-01
per_view_reprojection_errors: !!opencv-matrix
   rows: 20
   cols: 1
   dt: f
   data: [ 2.87121952e-01, 2.56130964e-01, 2.65405238e-01,
       2.64160395e-01, 2.70704806e-01, 2.54533619e-01, 2.52237290e-01,
       2.50192195e-01, 2.59378046e-01, 2.56854981e-01, 2.52907544e-01,
       2.56763488e-01, 2.65841007e-01, 2.71647155e-01, 2.91354626e-01,
       2.98602462e-01, 2.87469536e-01, 2.88170606e-01, 2.80014455e-01,
       2.72064269e-01 ]
extrinsic_parameters: !!opencv-matrix
   rows: 20
   cols: 6
   dt: d
   data: [ -1.1161506186160207e-01, -5.5800177231621152e-02,
       1.5147701920692731e+00, 8.3959017246141244e+01,
       -5.4510617890662822e+01, 5.0959881122420586e+02,
       -2.5997990532409584e-02, -9.4997622772065360e-02,
       1.5083396595780059e+00, 8.9064205742042859e+01,
       -7.1763294046973414e+01, 5.0066469683941824e+02,
       1.7517096698102950e-02, -9.4612974798181926e-02,
       1.5091483662708938e+00, 9.4809753350426817e+01,
       -7.7684072160884440e+01, 4.9685086577800593e+02,
       4.9699637255126404e-02, -8.3508729986719002e-02,
       1.5100524537761557e+00, 1.0036946175989070e+02,
       -8.0447193948463280e+01, 4.9443376656779270e+02,
       7.7231988944517938e-02, -6.7289110914872635e-02,
       1.5122426986408239e+00, 1.0611854138366675e+02,
       -8.2189604125123708e+01, 4.9253386251240016e+02,
       1.0008208251645020e-01, -4.5679956466727838e-02,
       1.5144681353697387e+00, 1.1195666504703640e+02,
       -8.2463647099460388e+01, 4.9125216588505015e+02,
       1.1766939990118939e-01, -1.9554201235127321e-02,
       1.5162188581414544e+00, 1.1767656566970128e+02,
       -8.2064357372035644e+01, 4.9060891298289675e+02,
       1.2771787544886110e-01, 1.2840554636861295e-02,
       1.5179049565041300e+00, 1.2331649512416547e+02,
       -7.9398996355561493e+01, 4.9087121910690610e+02,
       1.2835666272063836e-01, 5.6202292090030040e-02,
       1.5188099130407307e+00, 1.2932894365381298e+02,
       -7.4480964938402920e+01, 4.9224403021060772e+02,
       8.6033596787728192e-02, 1.3972273654240278e-01,
       1.5157802700944618e+00, 1.3518912639276465e+02,
       -5.8995242226118407e+01, 4.9888934694290418e+02,
       8.5324757146092278e-02, 1.4004348382674653e-01,
       1.5158130817480298e+00, 1.3521574485962049e+02,
       -5.8705621915011228e+01, 4.9891741262496953e+02,
       -1.2157173780762451e-03, 1.8014703940426069e-01,
       1.5138794974069099e+00, 1.3008789897965690e+02,
       -4.1637845172969485e+01, 5.0798441615665655e+02,
       -4.2830168220029073e-02, 1.7843246011521358e-01,
       1.5144210254622039e+00, 1.2472764429604028e+02,
       -3.5803870986768310e+01, 5.1159403669840890e+02,
       -7.7769703509915120e-02, 1.6798699191086072e-01,
       1.5153886708760802e+00, 1.1886432255923837e+02,
       -3.1609795203179285e+01, 5.1422557786532241e+02,
       -1.0522343534990040e-01, 1.5126778243318137e-01,
       1.5170257786599273e+00, 1.1330101523437797e+02,
       -2.9494438655692690e+01, 5.1604455693512364e+02,
       -1.2674676713288793e-01, 1.2888732028234232e-01,
       1.5183188986460758e+00, 1.0755208846894551e+02,
       -2.8883723394576972e+01, 5.1717399045100785e+02,
       -1.4420488727395475e-01, 1.0346411889442303e-01,
       1.5194016582608361e+00, 1.0179358998384791e+02,
       -2.9285454352955206e+01, 5.1776404896922418e+02,
       -1.5391431356212315e-01, 6.9751312027232615e-02,
       1.5205752792122189e+00, 9.6082978295413369e+01,
       -3.2305525042659013e+01, 5.1754413106489585e+02,
       -1.5446988237782888e-01, 2.9621988223385024e-02,
       1.5204779212811539e+00, 9.0453425215300513e+01,
       -3.7096368052189881e+01, 5.1623592786471659e+02,
       -1.1150585260562174e-01, -5.5181116244321711e-02,
       1.5146585137020008e+00, 8.4004318337302067e+01,
       -5.4241424407083947e+01, 5.0965070297503661e+02 ]
