<?xml version="1.0"?>
<opencv_storage>
<R_campos>
  <_ type_id="opencv-matrix">
    <rows>3</rows>
    <cols>3</cols>
    <dt>d</dt>
    <data>
      9.9916324604377615e-01 -1.6757320991402067e-02
      -3.7309556344569061e-02 6.3037031865085386e-05
      -9.1158185671406677e-01 4.1111864010494742e-01
      -4.0899961551087494e-02 -4.1077698571389087e-01
      -9.1081802816021806e-01</data></_>
  <_ type_id="opencv-matrix">
    <rows>3</rows>
    <cols>3</cols>
    <dt>d</dt>
    <data>
      9.7763955048107110e-01 7.8972945732767322e-02
      1.9489528865418557e-01 -1.2898848757885231e-03
      -9.2453378666845798e-01 3.8109797086353248e-01
      2.1028369632279592e-01 -3.7282783940433417e-01
      -9.0375892476995523e-01</data></_>
  <_ type_id="opencv-matrix">
    <rows>3</rows>
    <cols>3</cols>
    <dt>d</dt>
    <data>
      9.1461854533578590e-01 1.2012005179338786e-01
      -3.8606232441166599e-01 9.6392999410303826e-02
      -9.9209742800165002e-01 -8.0318571624734769e-02
      -3.9265931331506959e-01 3.6247149273298987e-02
      -9.1896942221550537e-01</data></_></R_campos>
<T_campos>
  <_ type_id="opencv-matrix">
    <rows>3</rows>
    <cols>1</cols>
    <dt>d</dt>
    <data>
      -5.3012175508823452e+02 2.7811350567592619e+01
      -1.2112667210013414e+02</data></_>
  <_ type_id="opencv-matrix">
    <rows>3</rows>
    <cols>1</cols>
    <dt>d</dt>
    <data>
      -6.2329120032389528e+02 7.4734293000319155e+01
      -1.3959355283709735e+02</data></_>
  <_ type_id="opencv-matrix">
    <rows>3</rows>
    <cols>1</cols>
    <dt>d</dt>
    <data>
      -4.6399891421626808e+02 2.0396304355645401e+02
      -1.2018875133333790e+02</data></_></T_campos>
</opencv_storage>
