<?xml version="1.0"?>
<opencv_storage>
<R_campos>
  <_ type_id="opencv-matrix">
    <rows>3</rows>
    <cols>3</cols>
    <dt>d</dt>
    <data>
      9.4793968596184042e-01 -1.9679783343379453e-02
      3.1784124939040087e-01 -1.3409049255572248e-02
      -9.9967010914021825e-01 -2.1905029111462641e-02
      3.1816749525079024e-01 1.6502697394238149e-02
      -9.4789085195188760e-01</data></_>
  <_ type_id="opencv-matrix">
    <rows>3</rows>
    <cols>3</cols>
    <dt>d</dt>
    <data>
      9.6057830605817196e-01 3.4428227724331434e-02
      -2.7586948270728662e-01 -1.8219377034641687e-02
      -9.8237342927104299e-01 -1.8603912154694072e-01
      -2.7741183173805650e-01 1.8373131472219914e-01
      -9.4301934367555018e-01</data></_></R_campos>
<T_campos>
  <_ type_id="opencv-matrix">
    <rows>3</rows>
    <cols>1</cols>
    <dt>d</dt>
    <data>
      6.6238235137098684e+01 -3.2538183148172027e+02
      4.3897242106335142e+01</data></_>
  <_ type_id="opencv-matrix">
    <rows>3</rows>
    <cols>1</cols>
    <dt>d</dt>
    <data>
      -1.9813811626423177e+02 -4.0233969056981152e+02
      1.4845826352578030e+01</data></_></T_campos>
</opencv_storage>
