<?xml version="1.0"?>
<opencv_storage>
<cMatrix>
  <_ type_id="opencv-matrix">
    <rows>3</rows>
    <cols>3</cols>
    <dt>d</dt>
    <data>
      2.2383908622784561e+03 0. 6.1083824626670980e+02 0.
      2.2482226398919561e+03 4.5630933867301025e+02 0. 0. 1.</data></_></cMatrix>
</opencv_storage>
