<?xml version="1.0"?>
<opencv_storage>
<R_gripper2base>
  <_ type_id="opencv-matrix">
    <rows>3</rows>
    <cols>3</cols>
    <dt>d</dt>
    <data>
      9.9271535873413086e-01 -1.4614320309944140e-03
      -1.2047450682658578e-01 0. 9.9992644786834717e-01
      -1.2129740789532661e-02 1.2048336863517761e-01
      1.2041379979232936e-02 9.9264234240337146e-01</data></_>
  <_ type_id="opencv-matrix">
    <rows>3</rows>
    <cols>3</cols>
    <dt>d</dt>
    <data>
      9.9576169252395630e-01 6.3787337810521372e-03
      -9.1749400014656146e-02 0. 9.9759197235107422e-01
      6.9356024265289307e-02 9.1970868408679962e-02
      -6.9062072109137063e-02 9.9336387083661748e-01</data></_>
  <_ type_id="opencv-matrix">
    <rows>3</rows>
    <cols>3</cols>
    <dt>d</dt>
    <data>
      9.9799925088882446e-01 6.0500561223211236e-03
      -6.2935854263642454e-02 0. 9.9541121721267700e-01
      9.5689393579959869e-02 6.3225984573364258e-02
      -9.5497943110805839e-02 9.9341964910458458e-01</data></_>
  <_ type_id="opencv-matrix">
    <rows>3</rows>
    <cols>3</cols>
    <dt>d</dt>
    <data>
      9.9941074848175049e-01 3.7802023502627458e-03
      -3.4115083598802221e-02 0. 9.9391680955886841e-01
      1.1013329774141312e-01 3.4323882311582565e-02
      -1.1006840152850916e-01 9.9333114256982213e-01</data></_>
  <_ type_id="opencv-matrix">
    <rows>3</rows>
    <cols>3</cols>
    <dt>d</dt>
    <data>
      9.9998593330383301e-01 6.1921280789516142e-04
      -5.2695196993346460e-03 0. 9.9316656589508057e-01
      1.1670541018247604e-01 5.3057763725519180e-03
      -1.1670376852292996e-01 9.9315259532275491e-01</data></_>
  <_ type_id="opencv-matrix">
    <rows>3</rows>
    <cols>3</cols>
    <dt>d</dt>
    <data>
      9.9972039461135864e-01 -2.7593238423152533e-03
      2.3485466111657249e-02 0. 9.9316859245300293e-01
      1.1668807268142700e-01 -2.3647008463740349e-02
      -1.1665544606751510e-01 9.9289089716272372e-01</data></_>
  <_ type_id="opencv-matrix">
    <rows>3</rows>
    <cols>3</cols>
    <dt>d</dt>
    <data>
      9.9861490726470947e-01 -5.7891679639112681e-03
      5.2295365396545002e-02 0. 9.9392837285995483e-01
      1.1002922058105469e-01 -5.2614822983741760e-02
      -1.0987681990695819e-01 9.9255168989130738e-01</data></_>
  <_ type_id="opencv-matrix">
    <rows>3</rows>
    <cols>3</cols>
    <dt>d</dt>
    <data>
      9.9667870998382568e-01 -7.7824717808849808e-03
      8.1061324321818340e-02 0. 9.9542289972305298e-01
      9.5567777752876282e-02 -8.1434056162834167e-02
      -9.5250369446757688e-02 9.9211681158433151e-01</data></_>
  <_ type_id="opencv-matrix">
    <rows>3</rows>
    <cols>3</cols>
    <dt>d</dt>
    <data>
      9.9392837285995483e-01 -7.6158626561664278e-03
      1.0976532961262819e-01 0. 9.9760162830352783e-01
      6.9216728210449219e-02 -1.1002922058105469e-01
      -6.8796470044901525e-02 9.9154456318216688e-01</data></_>
  <_ type_id="opencv-matrix">
    <rows>3</rows>
    <cols>3</cols>
    <dt>d</dt>
    <data>
      9.9037706851959229e-01 1.6714533829667033e-03
      1.3838521266825410e-01 0. 9.9992704391479492e-01
      -1.2077384628355503e-02 -1.3839530944824219e-01
      1.1961164783614309e-02 9.9030481448579621e-01</data></_>
  <_ type_id="opencv-matrix">
    <rows>3</rows>
    <cols>3</cols>
    <dt>d</dt>
    <data>
      9.9037706851959229e-01 1.6738686653425816e-03
      1.3838518792124432e-01 0. 9.9992686510086060e-01
      -1.2094836682081223e-02 -1.3839530944824219e-01
      1.1978448897422833e-02 9.9030463739257613e-01</data></_>
  <_ type_id="opencv-matrix">
    <rows>3</rows>
    <cols>3</cols>
    <dt>d</dt>
    <data>
      9.9392837285995483e-01 1.0264804007576345e-02
      1.0954936635425838e-01 0. 9.9563884735107422e-01
      -9.3291617929935455e-02 -1.1002922058105469e-01
      9.2725186010573335e-02 9.8959369950381415e-01</data></_>
  <_ type_id="opencv-matrix">
    <rows>3</rows>
    <cols>3</cols>
    <dt>d</dt>
    <data>
      9.9667870998382568e-01 9.7338436595331146e-03
      8.0850215911180356e-02 0. 9.9283051490783691e-01
      -1.1953037977218628e-01 -8.1434056162834167e-02
      1.1913338471521939e-01 9.8953303683092031e-01</data></_>
  <_ type_id="opencv-matrix">
    <rows>3</rows>
    <cols>3</cols>
    <dt>d</dt>
    <data>
      9.9861580133438110e-01 7.0436856938254078e-03
      5.2123627454342625e-02 0. 9.9099254608154297e-01
      -1.3391700387001038e-01 -5.2597396075725555e-02
      1.3373163613194983e-01 9.8962081552161862e-01</data></_>
  <_ type_id="opencv-matrix">
    <rows>3</rows>
    <cols>3</cols>
    <dt>d</dt>
    <data>
      9.9971997737884521e-01 3.3257635743605962e-03
      2.3429591593421062e-02 0. 9.9007523059844971e-01
      -1.4053834974765778e-01 -2.3664455860853195e-02
      1.4049899583058867e-01 9.8979798713723710e-01</data></_>
  <_ type_id="opencv-matrix">
    <rows>3</rows>
    <cols>3</cols>
    <dt>d</dt>
    <data>
      9.9998581409454346e-01 -7.4830183151910340e-04
      -5.2703710550030536e-03 0. 9.9007034301757813e-01
      -1.4057292044162750e-01 5.3232288919389248e-03
      1.4057092628746837e-01 9.9005629797329675e-01</data></_>
  <_ type_id="opencv-matrix">
    <rows>3</rows>
    <cols>3</cols>
    <dt>d</dt>
    <data>
      9.9941134452819824e-01 -4.5983692726511705e-03
      -3.3996864494093559e-02 0. 9.9097615480422974e-01
      -1.3403807580471039e-01 3.4306440502405167e-02
      1.3395917355795817e-01 9.9039281126827916e-01</data></_>
  <_ type_id="opencv-matrix">
    <rows>3</rows>
    <cols>3</cols>
    <dt>d</dt>
    <data>
      9.9799925088882446e-01 -7.5661902103423273e-03
      -6.2771631622069890e-02 0. 9.9281382560729980e-01
      -1.1966899782419205e-01 6.3225984573364258e-02
      1.1942957018316003e-01 9.9082745422815321e-01</data></_>
  <_ type_id="opencv-matrix">
    <rows>3</rows>
    <cols>3</cols>
    <dt>d</dt>
    <data>
      9.9576169252395630e-01 -8.5976908552789499e-03
      -9.1568119363122147e-02 0. 9.9562090635299683e-01
      -9.3482762575149536e-02 9.1970868408679962e-02
      9.3086553883646062e-02 9.9140115882229551e-01</data></_>
  <_ type_id="opencv-matrix">
    <rows>3</rows>
    <cols>3</cols>
    <dt>d</dt>
    <data>
      9.9271327257156372e-01 -1.4616421496408544e-03
      -1.2049182815235948e-01 0. 9.9992644786834717e-01
      -1.2129740789532661e-02 1.2050069123506546e-01
      1.2041354674621751e-02 9.9264025639424602e-01</data></_></R_gripper2base>
