<?xml version="1.0"?>
<opencv_storage>
<R_gripper2base4model>
  <_ type_id="opencv-matrix">
    <rows>3</rows>
    <cols>3</cols>
    <dt>d</dt>
    <data>
      9.2256504297256470e-01 -3.0303620306486034e-03
      -3.8582974790771196e-01 0. 9.9996918439865112e-01
      -7.8539010137319565e-03 3.8584163784980774e-01
      7.2457345262358919e-03 9.2253661357598205e-01</data></_>
  <_ type_id="opencv-matrix">
    <rows>3</rows>
    <cols>3</cols>
    <dt>d</dt>
    <data>
      9.3062847852706909e-01 4.5607786370595482e-02
      -3.6311225912159806e-01 0. 9.9220412969589233e-01
      1.2462326139211655e-01 3.6596527695655823e-01
      -1.1597795613842665e-01 9.2337341960716302e-01</data></_>
  <_ type_id="opencv-matrix">
    <rows>3</rows>
    <cols>3</cols>
    <dt>d</dt>
    <data>
      9.3839657306671143e-01 6.1050989864344540e-02
      -3.4012450815995798e-01 0. 9.8426967859268188e-01
      1.7667247354984283e-01 3.4556028246879578e-01
      -1.6578884373439173e-01 9.2363529336484618e-01</data></_>
  <_ type_id="opencv-matrix">
    <rows>3</rows>
    <cols>3</cols>
    <dt>d</dt>
    <data>
      9.4581931829452515e-01 6.9689930062093453e-02
      -3.1712632547626995e-01 0. 9.7669476270675659e-01
      2.1463304758071899e-01 3.2469338178634644e-01
      -2.0300408274627202e-01 9.2377677464513752e-01</data></_>
  <_ type_id="opencv-matrix">
    <rows>3</rows>
    <cols>3</cols>
    <dt>d</dt>
    <data>
      9.5289468765258789e-01 7.4284027902311589e-02
      -2.9406394354354326e-01 0. 9.6954375505447388e-01
      2.4491821229457855e-01 3.0330136418342590e-01
      -2.3338126340487264e-01 9.2387309363815007e-01</data></_>
  <_ type_id="opencv-matrix">
    <rows>3</rows>
    <cols>3</cols>
    <dt>d</dt>
    <data>
      9.5956981182098389e-01 7.6000552735413507e-02
      -2.7101598919216840e-01 0. 9.6285688877105713e-01
      2.7001231908798218e-01 2.8147068619728088e-01
      -2.5909567021660251e-01 9.2392840356858130e-01</data></_>
  <_ type_id="opencv-matrix">
    <rows>3</rows>
    <cols>3</cols>
    <dt>d</dt>
    <data>
      9.6582639217376709e-01 7.5485574214436468e-02
      -2.4795433284495871e-01 0. 9.5665109157562256e-01
      2.9123651981353760e-01 2.5918993353843689e-01
      -2.8128391720075285e-01 9.2395887234557961e-01</data></_>
  <_ type_id="opencv-matrix">
    <rows>3</rows>
    <cols>3</cols>
    <dt>d</dt>
    <data>
      9.7163999080657959e-01 7.3161998417868634e-02
      -2.2486230364310877e-01 0. 9.5093238353729248e-01
      3.0939874053001404e-01 2.3646508157253265e-01
      -3.0062418940415014e-01 9.2396393239785368e-01</data></_>
  <_ type_id="opencv-matrix">
    <rows>3</rows>
    <cols>3</cols>
    <dt>d</dt>
    <data>
      9.7697114944458008e-01 6.9333126473416051e-02
      -2.0179266807381424e-01 0. 9.4573426246643066e-01
      3.2494100928306580e-01 2.1337142586708069e-01
      -3.1745799134095876e-01 9.2395508947095095e-01</data></_>
  <_ type_id="opencv-matrix">
    <rows>3</rows>
    <cols>3</cols>
    <dt>d</dt>
    <data>
      9.8180323839187622e-01 6.4239303745782905e-02
      -1.7870550679118136e-01 0. 9.4104617834091187e-01
      3.3827805519104004e-01 1.8990088999271393e-01
      -3.3212249006346894e-01 9.2392218537140636e-01</data></_>
  <_ type_id="opencv-matrix">
    <rows>3</rows>
    <cols>3</cols>
    <dt>d</dt>
    <data>
      9.8611223697662354e-01 5.8064808194204787e-02
      -1.5559934801753883e-01 0. 9.3689203262329102e-01
      3.4961879253387451e-01 1.6608034074306488e-01
      -3.4476336959464504e-01 9.2388069809572926e-01</data></_>
  <_ type_id="opencv-matrix">
    <rows>3</rows>
    <cols>3</cols>
    <dt>d</dt>
    <data>
      9.8986810445785522e-01 5.0995604779586756e-02
      -1.3251616426336099e-01 0. 9.3327987194061279e-01
      3.5914993286132813e-01 1.4198973774909973e-01
      -3.5551106325760884e-01 9.2382397776652425e-01</data></_>
  <_ type_id="opencv-matrix">
    <rows>3</rows>
    <cols>3</cols>
    <dt>d</dt>
    <data>
      9.9305409193038940e-01 4.3181288121236783e-02
      -1.0944838971326565e-01 0. 9.3021911382675171e-01
      3.6700457334518433e-01 1.1765871942043304e-01
      -3.6445539331760202e-01 9.2375789737751646e-01</data></_>
  <_ type_id="opencv-matrix">
    <rows>3</rows>
    <cols>3</cols>
    <dt>d</dt>
    <data>
      9.9565672874450684e-01 3.4756994089857107e-02
      -8.6369256189031685e-02 0. 9.2769950628280640e-01
      3.7332782149314880e-01 9.3100465834140778e-02
      -3.7170635749718173e-01 9.2367025568343308e-01</data></_>
  <_ type_id="opencv-matrix">
    <rows>3</rows>
    <cols>3</cols>
    <dt>d</dt>
    <data>
      9.9766165018081665e-01 2.5843832600603633e-02
      -6.3271555332907958e-02 0. 9.2575186491012573e-01
      3.7813162803649902e-01 6.8346127867698669e-02
      -3.7724742401245237e-01 9.2358713320420449e-01</data></_>
  <_ type_id="opencv-matrix">
    <rows>3</rows>
    <cols>3</cols>
    <dt>d</dt>
    <data>
      9.9905276298522949e-01 1.6601846954251043e-02
      -4.0223294955430866e-02 0. 9.2435967922210693e-01
      3.8152214884757996e-01 4.3514765799045563e-02
      -3.8116075694623675e-01 9.2348409151898636e-01</data></_>
  <_ type_id="opencv-matrix">
    <rows>3</rows>
    <cols>3</cols>
    <dt>d</dt>
    <data>
      9.9982792139053345e-01 7.1153120857497809e-03
      -1.7133040570764146e-02 0. 9.2352515459060669e-01
      3.8353785872459412e-01 1.8551785498857498e-02
      -3.8347186006318701e-01 9.2336623566619735e-01</data></_>
  <_ type_id="opencv-matrix">
    <rows>3</rows>
    <cols>3</cols>
    <dt>d</dt>
    <data>
      9.9997961521148682e-01 -2.4538990468698368e-03
      5.8977249918598651e-03 0. 9.2327058315277100e-01
      3.8415029644966125e-01 -6.3878619112074375e-03
      -3.8414246562711085e-01 9.2325176247719298e-01</data></_>
  <_ type_id="opencv-matrix">
    <rows>3</rows>
    <cols>3</cols>
    <dt>d</dt>
    <data>
      9.9950873851776123e-01 -1.2016411360290524e-02
      2.8945860037625781e-02 0. 9.2357867956161499e-01
      3.8340893387794495e-01 -3.1340979039669037e-02
      -3.8322057983678448e-01 9.2312496093052943e-01</data></_>
  <_ type_id="opencv-matrix">
    <rows>3</rows>
    <cols>3</cols>
    <dt>d</dt>
    <data>
      9.9841731786727905e-01 -2.1445810956514322e-02
      5.1990228614890555e-02 0. 9.2443960905075073e-01
      3.8132852315902710e-01 -5.6239724159240723e-02
      -3.8072500131872644e-01 9.2297651499872657e-01</data></_>
  <_ type_id="opencv-matrix">
    <rows>3</rows>
    <cols>3</cols>
    <dt>d</dt>
    <data>
      9.9670994281768799e-01 -3.0623194122796349e-02
      7.5043597753222002e-02 0. 9.2587721347808838e-01
      3.7782460451126099e-01 -8.1051349639892578e-02
      -3.7658153995753452e-01 9.2283102450194576e-01</data></_>
  <_ type_id="opencv-matrix">
    <rows>3</rows>
    <cols>3</cols>
    <dt>d</dt>
    <data>
      9.9439716339111328e-01 -3.9419497526728797e-02
      9.8083812938327686e-02 0. 9.2786878347396851e-01
      3.7290680408477783e-01 -1.0570871084928513e-01
      -3.7081746819114869e-01 9.2267008628567737e-01</data></_>
  <_ type_id="opencv-matrix">
    <rows>3</rows>
    <cols>3</cols>
    <dt>d</dt>
    <data>
      9.9149262905120850e-01 -4.7704825922298966e-02
      1.2110576458177569e-01 0. 9.3041759729385376e-01
      3.6650121212005615e-01 -1.3016280531883240e-01
      -3.6338325035536911e-01 9.2250218965639164e-01</data></_>
  <_ type_id="opencv-matrix">
    <rows>3</rows>
    <cols>3</cols>
    <dt>d</dt>
    <data>
      9.8801112174987793e-01 -5.5353505274011283e-02
      1.4411810452599383e-01 0. 9.3351161479949951e-01
      3.5854718089103699e-01 -1.5438276529312134e-01
      -3.5424860239240985e-01 9.2231985770459346e-01</data></_>
  <_ type_id="opencv-matrix">
    <rows>3</rows>
    <cols>3</cols>
    <dt>d</dt>
    <data>
      9.8397231101989746e-01 -6.2227853429219770e-02
      1.6711135918416442e-01 0. 9.3713587522506714e-01
      3.4896463155746460e-01 -1.7832137644290924e-01
