<?xml version="1.0"?>
<opencv_storage>
<R_world2cam>
  <_ type_id="opencv-matrix">
    <rows>3</rows>
    <cols>3</cols>
    <dt>d</dt>
    <data>
      5.5896947261219403e-02 -9.9283845485810729e-01
      -1.0558093503015822e-01 9.9793033452150604e-01
      5.2188464705156319e-02 3.7568758210962776e-02
      -3.1789600951751297e-02 -1.0746239671012686e-01
      9.9370078724163435e-01</data></_>
  <_ type_id="opencv-matrix">
    <rows>3</rows>
    <cols>3</cols>
    <dt>d</dt>
    <data>
      5.9488141625009254e-02 -9.9510724861812039e-01
      -7.8884249084827912e-02 9.9714114671515242e-01
      6.2925802859191957e-02 -4.1831529521605265e-02
      4.6590712954339558e-02 -7.6170250637637008e-02
      9.9600572206398807e-01</data></_>
  <_ type_id="opencv-matrix">
    <rows>3</rows>
    <cols>3</cols>
    <dt>d</dt>
    <data>
      5.8663577784760064e-02 -9.9695982866740163e-01
      -5.1280451099387510e-02 9.9552464309296507e-01
      6.2237020003113978e-02 -7.1114262534013845e-02
      7.4089605452560339e-02 -4.6879135706594036e-02
      9.9614912387618293e-01</data></_>
  <_ type_id="opencv-matrix">
    <rows>3</rows>
    <cols>3</cols>
    <dt>d</dt>
    <data>
      5.8604902641950819e-02 -9.9798772100049593e-01
      -2.4206902291775575e-02 9.9457125749586206e-01
      6.0458548274223284e-02 -8.4692252914141550e-02
      8.5985342642958457e-02 -1.9112108015849949e-02
      9.9611306997637739e-01</data></_>
  <_ type_id="opencv-matrix">
    <rows>3</rows>
    <cols>3</cols>
    <dt>d</dt>
    <data>
      5.7513914247429181e-02 -9.9833780547060302e-01
      3.7115813448575299e-03 9.9406271857925466e-01
      5.6922875004504041e-02 -9.2731320663748840e-02
      9.2365909288875447e-02 9.0228858666028464e-03
      9.9568425031828089e-01</data></_>
  <_ type_id="opencv-matrix">
    <rows>3</rows>
    <cols>3</cols>
    <dt>d</dt>
    <data>
      5.6430648049832791e-02 -9.9788532296770394e-01
      3.2256226783631270e-02 9.9412720309653213e-01
      5.3171388662804991e-02 -9.4254482604995637e-02
      9.2340056444331867e-02 3.7385634049860401e-02
      9.9502544105291468e-01</data></_>
  <_ type_id="opencv-matrix">
    <rows>3</rows>
    <cols>3</cols>
    <dt>d</dt>
    <data>
      5.5559220330116746e-02 -9.9662425953309064e-01
      6.0442190119387965e-02 9.9473403964872620e-01
      5.0028982423126284e-02 -8.9449937293621939e-02
      8.6124116253439228e-02 6.5093672717286583e-02
      9.9415564695460990e-01</data></_>
  <_ type_id="opencv-matrix">
    <rows>3</rows>
    <cols>3</cols>
    <dt>d</dt>
    <data>
      5.4151583256518587e-02 -9.9464759828502070e-01
      8.7998643493250706e-02 9.9599397555248070e-01
      4.7523430611930643e-02 -7.5746446821202296e-02
      7.1159023981337416e-02 9.1747908797492006e-02
      9.9323648469904202e-01</data></_>
  <_ type_id="opencv-matrix">
    <rows>3</rows>
    <cols>3</cols>
    <dt>d</dt>
    <data>
      5.2264945798322138e-02 -9.9179072639532606e-01
      1.1670274408483303e-01 9.9770252503718626e-01
      4.6814195870889537e-02 -4.8970425762746149e-02
      4.3105069018864746e-02 1.1899405910041713e-01
      9.9195885344286616e-01</data></_>
  <_ type_id="opencv-matrix">
    <rows>3</rows>
    <cols>3</cols>
    <dt>d</dt>
    <data>
      4.9152729398070250e-02 -9.8823110716469520e-01
      1.4485609419268827e-01 9.9805824893139450e-01
      5.4152799841949414e-02 3.0776712125834521e-02
      -3.8258867373705770e-02 1.4306206031411212e-01
      9.8897396627310818e-01</data></_>
  <_ type_id="opencv-matrix">
    <rows>3</rows>
    <cols>3</cols>
    <dt>d</dt>
    <data>
      4.8954471899365672e-02 -9.8835847095792573e-01
      1.4405204811721783e-01 9.9800475443275094e-01
      5.4161821553179515e-02 3.2450072660413422e-02
      -3.9874425521614590e-02 1.4217605273657222e-01
      9.8903791647113737e-01</data></_>
  <_ type_id="opencv-matrix">
    <rows>3</rows>
    <cols>3</cols>
    <dt>d</dt>
    <data>
      4.6219683685591560e-02 -9.9202254912352628e-01
      1.1728172436686285e-01 9.9184280740252684e-01
      5.9536291990586916e-02 1.1270880772985598e-01
      -1.1879219773991020e-01 1.1111566931118450e-01
      9.8668217871290731e-01</data></_>
  <_ type_id="opencv-matrix">
    <rows>3</rows>
    <cols>3</cols>
    <dt>d</dt>
    <data>
      4.6035590616952254e-02 -9.9485581425093172e-01
      9.0236540534663942e-02 9.8858527191500356e-01
      5.8344698043822071e-02 1.3890664621577298e-01
      -1.4345690833587299e-01 8.2811865461966838e-02
      9.8618573828129463e-01</data></_>
  <_ type_id="opencv-matrix">
    <rows>3</rows>
    <cols>3</cols>
    <dt>d</dt>
    <data>
      4.6643757100502177e-02 -9.9701793202356237e-01
      6.1478477103847802e-02 9.8628618690593872e-01
      5.5721154299084183e-02 1.5535350167318751e-01
      -1.5831587867959671e-01 5.3389101762781485e-02
      9.8594405843884991e-01</data></_>
  <_ type_id="opencv-matrix">
    <rows>3</rows>
    <cols>3</cols>
    <dt>d</dt>
    <data>
      4.7125464932853446e-02 -9.9831460940571970e-01
      3.3869325384007040e-02 9.8534654999400273e-01
      5.2024214357485686e-02 1.6243662621281796e-01
      -1.6392488209475325e-01 2.5718121385352469e-02
      9.8613752147589917e-01</data></_>
  <_ type_id="opencv-matrix">
    <rows>3</rows>
    <cols>3</cols>
    <dt>d</dt>
    <data>
      4.8354617486538992e-02 -9.9881652136399002e-01
      5.2333180744573438e-03 9.8545374584731038e-01
      4.8560997808599050e-02 1.6285804950120766e-01
      -1.6291944562646615e-01 -2.7177457885503298e-03
      9.8663563086612349e-01</data></_>
  <_ type_id="opencv-matrix">
    <rows>3</rows>
    <cols>3</cols>
    <dt>d</dt>
    <data>
      4.9574022751324304e-02 -9.9852349349009495e-01
      -2.2209214677416142e-02 9.8629526100643117e-01
      4.5439124495384176e-02 1.5860940729146178e-01
      -1.5736605219839189e-01 -2.9767749552651004e-02
      9.8709158982440104e-01</data></_>
  <_ type_id="opencv-matrix">
    <rows>3</rows>
    <cols>3</cols>
    <dt>d</dt>
    <data>
      5.0492380617171609e-02 -9.9748209054774861e-01
      -4.9799583694082161e-02 9.8875234510667998e-01
      4.2897279829960791e-02 1.4327813311608734e-01
      -1.4078110507327282e-01 -5.6473909194275348e-02
      9.8842874201161579e-01</data></_>
  <_ type_id="opencv-matrix">
    <rows>3</rows>
    <cols>3</cols>
    <dt>d</dt>
    <data>
      5.1861690556222570e-02 -9.9577131249454565e-01
      -7.5827819865407986e-02 9.9208903493254275e-01
      4.2679783875942727e-02 1.1805838731288458e-01
      -1.1432284032190096e-01 -8.1350656181698774e-02
      9.9010724617060575e-01</data></_>
  <_ type_id="opencv-matrix">
    <rows>3</rows>
    <cols>3</cols>
    <dt>d</dt>
    <data>
      5.5982117612402175e-02 -9.9293500669606716e-01
      -1.0462349155477604e-01 9.9793338710293811e-01
      5.2335614923287498e-02 3.7281876506674742e-02
      -3.1542945532856442e-02 -1.0649439369320102e-01
      9.9381285295523769e-01</data></_></R_world2cam>
